[soe][Equalizer#0]
inputGain=-4.46
numBands=10

[soe][Equalizer#0#left]
band0Frequency=105
band0Gain=4.5
band0Mode=6
band0Q=0.6666666865348816
band0Type=5
band10Type=0
band11Type=0
band12Type=0
band13Type=0
band14Type=0
band15Type=0
band16Type=0
band17Type=0
band18Type=0
band19Type=0
band1Frequency=49.099998474121094
band1Gain=-0.800000011920929
band1Mode=6
band1Q=1.6100000143051147
band20Type=0
band21Type=0
band22Type=0
band23Type=0
band24Type=0
band25Type=0
band26Type=0
band27Type=0
band28Type=0
band29Type=0
band2Frequency=175.1999969482422
band2Gain=-3.9000000953674316
band2Mode=6
band2Q=0.46000000834465027
band30Type=0
band31Type=0
band3Frequency=693.4000244140625
band3Gain=2.0999999046325684
band3Mode=6
band3Q=1.0399999618530273
band4Frequency=2450.10009765625
band4Gain=2.200000047683716
band4Mode=6
band4Q=0.6600000262260437
band5Frequency=3181.10009765625
band5Gain=-1
band5Mode=6
band5Q=1.7999999523162842
band6Frequency=4273.89990234375
band6Gain=4.599999904632568
band6Mode=6
band6Q=2.319999933242798
band7Frequency=5124
band7Gain=-3.4000000953674316
band7Mode=6
band7Q=3.799999952316284
band8Frequency=10000
band8Gain=-0.6000000238418579
band8Mode=6
band8Q=4.389999866485596
band9Frequency=10000
band9Gain=-5.900000095367432
band9Mode=6
band9Q=0.6666666865348816
band9Type=3

[soe][Equalizer#0#right]
band0Frequency=105
band0Gain=4.5
band0Mode=6
band0Q=0.6666666865348816
band0Type=5
band10Type=0
band11Type=0
band12Type=0
band13Type=0
band14Type=0
band15Type=0
band16Type=0
band17Type=0
band18Type=0
band19Type=0
band1Frequency=49.099998474121094
band1Gain=-0.800000011920929
band1Mode=6
band1Q=1.6100000143051147
band20Type=0
band21Type=0
band22Type=0
band23Type=0
band24Type=0
band25Type=0
band26Type=0
band27Type=0
band28Type=0
band29Type=0
band2Frequency=175.1999969482422
band2Gain=-3.9000000953674316
band2Mode=6
band2Q=0.46000000834465027
band30Type=0
band31Type=0
band3Frequency=693.4000244140625
band3Gain=2.0999999046325684
band3Mode=6
band3Q=1.0399999618530273
band4Frequency=2450.10009765625
band4Gain=2.200000047683716
band4Mode=6
band4Q=0.6600000262260437
band5Frequency=3181.10009765625
band5Gain=-1
band5Mode=6
band5Q=1.7999999523162842
band6Frequency=4273.89990234375
band6Gain=4.599999904632568
band6Mode=6
band6Q=2.319999933242798
band7Frequency=5124
band7Gain=-3.4000000953674316
band7Mode=6
band7Q=3.799999952316284
band8Frequency=10000
band8Gain=-0.6000000238418579
band8Mode=6
band8Q=4.389999866485596
band9Frequency=10000
band9Gain=-5.900000095367432
band9Mode=6
band9Q=0.6666666865348816
band9Type=3
